date,ret,Mkt_RF,SMB,HML,RMW,CMA,RF
196307,-0.001451015,-0.39,-0.41,-0.97,0.68,-1.18,0.27
196308,-0.001005451,5.07,-0.8,1.8,0.36,-0.35,0.25
196309,0.005154499,-1.57,-0.52,0.13,-0.71,0.29,0.27
196310,0.000199047,2.53,-1.39,-0.1,2.8,-2.01,0.29
196311,-0.001667644,-0.85,-0.88,1.75,-0.51,2.24,0.27
196312,0.006387455,1.83,-2.1,-0.02,0.03,-0.07,0.29
196401,0.012179137,2.24,0.13,1.48,0.17,1.47,0.3
196402,0.001990198,1.54,0.28,2.81,-0.05,0.91,0.26
196403,0.020184265,1.41,1.23,3.4,-2.21,3.22,0.31
196404,-0.005056397,0.1,-1.52,-0.67,-1.27,-1.08,0.29
196405,-0.004806142,1.42,-0.63,1.86,-0.16,0.17,0.26
196406,-0.002350722,1.27,0.29,0.62,-0.28,-0.17,0.3
196407,0.004273486,1.74,0.5,0.75,0.08,1.91,0.3
196408,0.002793752,-1.44,0.41,0.08,0.12,0.35,0.28
196409,0.000653882,2.69,-0.34,1.7,-0.56,0.62,0.28
196410,0.001917472,0.59,0.87,1.17,-0.43,0.47,0.29
196411,-0.005590809,0,-0.15,-1.96,0.63,-0.26,0.29
196412,-0.009743558,0.03,-0.69,-2.48,1.07,-1.5,0.31
196501,-0.00872377,3.54,2.44,0.12,0.91,0.1,0.28
196502,-0.001680641,0.44,3.31,0.11,0.23,-0.68,0.3
196503,0.002562315,-1.34,2.12,1.03,-0.32,0.69,0.36
196504,-0.010249443,3.11,1.05,0.66,0.3,-2.2,0.31
196505,0.001752606,-0.77,0.1,-1.61,-0.45,0.53,0.31
196506,0.008860407,-5.51,-4.28,0.59,0.22,0.37,0.35
196507,0.002137182,1.43,1.08,2.2,-1.37,0.03,0.31
196508,-0.012109722,2.73,2.71,-1,1.9,-0.74,0.33
196509,-0.00709426,2.86,0.62,-0.13,-0.89,0.8,0.31
196510,-0.007108063,2.6,3.47,1.56,1.17,-0.65,0.31
196511,-0.006565912,-0.03,5.19,0.15,-1.01,-0.94,0.35
196512,-0.009436235,1.01,2.66,2.03,-1.14,-0.53,0.33
196601,-0.003452104,0.72,4.68,3.56,-2.82,-0.11,0.38
196602,-0.012276324,-1.21,4.71,0.33,-0.17,-1.49,0.35
196603,0.000893091,-2.51,0.32,-1.98,1.3,0.06,0.38
196604,-0.005835774,2.14,3.35,-0.46,0.39,-0.95,0.34
196605,0.012025519,-5.66,-5.1,-1.63,1.64,-1.52,0.41
196606,-0.002210123,-1.44,1.37,0.5,0.15,0.78,0.38
196607,0.008539806,-1.63,-0.41,0.95,-0.36,1.79,0.35
196608,0.010379189,-7.91,-3.12,0.43,-0.09,0.8,0.41
196609,0.024758209,-1.06,-1.14,0.56,-1.68,2.37,0.4
196610,0.028021725,3.86,-6.45,2.69,-3.48,4.25,0.45
196611,-0.040778614,1.4,3.34,-4.69,4.13,-6.62,0.4
196612,-0.00113131,0.13,2.02,-1.19,0.7,-0.34,0.4
196701,-0.015778428,8.15,9.1,2.27,0.96,-3.16,0.43
196702,-0.011710761,0.78,3.06,-2.22,1.99,-0.99,0.36
196703,-0.0176112,3.99,1.87,0.37,0.86,-1.6,0.39
196704,-0.020848673,3.89,0.43,-2.48,2.33,-3.67,0.32
196705,-0.005013439,-4.33,2.29,1.09,-1.73,1.73,0.33
196706,-0.019275475,2.41,6.43,0.85,-0.62,-2.42,0.27
196707,0.002221801,4.58,3.54,2.73,0.48,2.7,0.31
196708,0.009242659,-0.89,0.72,1.44,0.3,1.45,0.31
196709,-0.009811458,3.11,2.44,-2.5,0.2,-0.95,0.32
196710,-0.015933963,-3.09,0.53,-3.3,1.01,-2.62,0.39
196711,-0.011613085,0.37,-0.04,-1.7,1.34,-2.34,0.36
196712,0.00569799,3.05,5.75,-0.53,-0.81,0.13,0.33
196801,0.046855389,-4.06,4.51,4.8,-4.62,6.46,0.4
196802,0.024475235,-3.75,-2.91,1.28,-0.16,2.45,0.39
196803,-0.011491971,0.2,-1.59,-0.59,1.05,-1.1,0.38
196804,-0.034077253,9.05,6.18,-1.13,2.69,-3.65,0.43
196805,-0.014873178,2.28,7,0.85,0.43,-1.92,0.45
196806,0.022672092,0.69,-0.28,0.73,-1.41,2.76,0.43
196807,0.02711957,-2.72,-1.41,5.39,-3.13,3.72,0.48
196808,0.008376799,1.34,2.27,1.01,-0.7,0.48,0.42
196809,-0.001538209,4.03,2.81,0.3,-1.99,0.87,0.43
196810,0.016492662,0.42,-0.42,2.86,-1.32,2.7,0.44
196811,-0.010221411,5.43,2.39,-0.92,0.43,-2.43,0.42
196812,0.006837841,-3.94,3.52,-0.01,-1.86,1.76,0.43
196901,0.013492575,-1.25,-0.44,1.67,-1.55,1.38,0.53
196902,0.016903381,-5.84,-4.16,0.91,2.07,0.83,0.46
196903,0.001922668,2.64,-0.45,-0.51,-1.43,-0.35,0.46
196904,-0.00267432,1.46,-0.8,-0.03,0.41,0.06,0.53
196905,0.005348361,-0.1,-0.11,0.7,-0.95,1.39,0.48
196906,0.011595936,-7.18,-5.45,-1.08,4.32,-1.6,0.51
196907,0.01988045,-7,-3.41,1.2,1.48,1.91,0.53
196908,-0.029327316,4.68,0.7,-3.79,1.13,-4.02,0.5
196909,-0.005564871,-2.98,1.29,-3.27,3.39,-0.82,0.62
196910,-0.017806701,5.06,3.96,-3.16,0.05,-2.15,0.6
196911,0.002661673,-3.79,-2.45,-1.19,1.46,0.3,0.52
196912,-0.002825848,-2.63,-3.76,-2.86,2.54,-1.81,0.64
197001,0.026307254,-8.1,3.12,3.13,-1.72,3.84,0.6
197002,0.010172019,5.13,-2.76,3.93,-2.29,2.76,0.62
197003,0.03213517,-1.06,-2.41,3.99,-1,4.29,0.57
197004,0.053724541,-11,-6.4,6.18,-0.64,6.21,0.5
197005,0.030131891,-6.92,-4.48,3.33,-1.21,3.9,0.53
197006,0.018732356,-5.79,-2.2,0.6,0.13,2.96,0.58
197007,0.011491116,6.93,-0.62,0.9,-0.26,1.84,0.52
197008,-0.00769659,4.49,1.52,1.15,0.56,-0.21,0.53
197009,-0.036815697,4.18,8.51,-5.47,0.3,-5.83,0.54
197010,0.009103635,-2.28,-4.43,0.22,1.71,2.34,0.46
197011,0.01025307,4.6,-3.86,1.69,1.57,1.47,0.46
197012,0.008187104,5.72,2.94,1,0.27,0.3,0.42
197101,0.002247838,4.84,7.54,1.33,-1.99,0.07,0.38
197102,-0.006146183,1.41,2.04,-1.23,0.62,-0.7,0.33
197103,-0.015833207,4.13,2.26,-3.95,1.82,-2.71,0.3
197104,-0.000489668,3.15,-0.36,0.69,-1.47,0.87,0.28
197105,-0.006061562,-3.98,-1.11,-1.44,1.4,0.25,0.29
197106,-0.017247609,-0.1,-1.48,-1.87,1.53,-1.64,0.37
197107,-0.002265253,-4.5,-1.39,0.02,0.64,1.46,0.4
197108,0.013679586,3.79,-0.16,2.63,-0.43,2.64,0.47
197109,-0.008695472,-0.85,0.28,-2.91,2.56,-1.58,0.37
197110,-0.004965747,-4.42,-1.6,-0.48,1.62,-1.35,0.37
197111,-0.008033498,-0.46,-2.86,-1.68,2.44,-0.34,0.37
197112,-0.004466592,8.71,3.27,-0.4,-0.4,-1.75,0.37
197201,0.008366787,2.49,6.1,2.24,-1.69,0.55,0.29
197202,-0.013626839,2.87,0.87,-2.79,1.61,-0.52,0.25
197203,-0.003670307,0.63,-0.43,-1.61,1.63,-0.18,0.27
197204,-0.00011421,0.29,0.23,0.12,-0.42,-1.03,0.29
197205,-0.016351693,1.25,-3.1,-2.7,2.34,-1.95,0.3
197206,-0.008226222,-2.43,-0.43,-2.48,1.88,-0.36,0.29
197207,0.008762799,-0.8,-2.77,0.66,1.14,-0.66,0.31
197208,0.02392338,3.26,-3.48,4.54,-1.96,2.85,0.29
197209,-0.00791453,-1.14,-2.23,0.46,1.68,-1.97,0.34
197210,0.007495746,0.52,-2.54,1.34,-0.15,0.02,0.4
197211,0.012364721,4.6,-0.62,4.85,-1.95,3.37,0.37
197212,-0.016247804,0.62,-1.89,-2.19,2.6,-2.16,0.37
197301,0.008955175,-3.29,-2.81,2.68,0.42,0.9,0.44
197302,0.015299877,-4.85,-3.91,1.6,-0.26,0.02,0.41
197303,0.015306286,-1.3,-2.33,2.62,-1.07,0.62,0.46
197304,0.031670129,-5.68,-2.9,5.41,-1.58,2.6,0.52
197305,0.009585262,-2.94,-6.17,0.41,1.95,-1.57,0.51
197306,0.007824988,-1.57,-2.48,1.2,-0.21,0.11,0.51
197307,-0.036050941,5.05,7.26,-5.31,-0.05,-3.28,0.64
197308,0.005543422,-3.82,-1.84,1.24,-1.31,1.3,0.7
197309,0.004977187,4.75,3.6,2.01,-2.33,1.77,0.68
197310,0.019694477,-0.83,-0.38,1.94,-1.9,2.71,0.65
197311,0.030893078,-12.75,-7.28,3.87,-2.63,1.73,0.56
197312,0.015432873,0.61,-4.69,3.85,-2.78,2.48,0.64
197401,0.021415074,-0.17,10.41,6.02,-3.07,4.42,0.63
197402,0.021616759,-0.47,0.06,2.81,-1.87,2.63,0.58
197403,-0.000735769,-2.81,2.65,-0.32,2.8,0.44,0.56
197404,0.010199733,-5.29,-0.7,0.85,2.87,2.09,0.75
197405,-0.003413741,-4.68,-3.07,-2.02,4.95,-0.42,0.75
197406,0.008332337,-2.83,0,0.77,0.57,2.94,0.6
197407,0.027008285,-8.05,1.92,5.16,-3.25,4.6,0.7
197408,0.023580074,-9.35,0.26,2.64,-0.28,2.6,0.6
197409,0.040747233,-11.77,1.48,5.58,-4.44,5.91,0.81
197410,-0.031030992,16.1,-6.82,-9.87,-0.21,-2.86,0.51
197411,0.013448348,-4.51,-1.48,-0.2,-3.37,2.92,0.54
197412,0.014431067,-3.45,-4.35,0.11,-0.68,3.25,0.7
197501,0.026069675,13.66,12.91,8.28,-0.78,-0.9,0.58
197502,-0.014634259,5.56,-0.65,-4.45,1.16,-2.11,0.43
197503,0.000356002,2.66,4,2.38,1.26,-1.33,0.41
197504,-0.017960209,4.23,-0.71,-1.14,1.41,-1.34,0.44
197505,0.002186951,5.19,2.89,-4.1,-0.98,-0.6,0.44
197506,0.005870201,4.83,1.43,1.38,-2.66,1.06,0.41
197507,0.008211546,-6.59,3.44,1.69,0.46,1.22,0.48
197508,-0.006135608,-2.85,-2.84,-0.95,1.11,-0.93,0.48
197509,0.005971868,-4.26,0.05,0.39,0.53,0.55,0.53
197510,0.021803786,5.31,-4.23,0.28,-0.49,2.26,0.56
197511,0.013081338,2.64,-1.09,2.03,-0.68,1.75,0.41
197512,0.004634209,-1.6,-0.05,1.69,-0.09,0.57,0.48
197601,0.028834211,12.16,6.34,8.63,-1.79,2.28,0.47
197602,0.028521712,0.32,7.99,5.87,-2.64,3.87,0.34
197603,0.001017622,2.32,-1.38,-0.12,-0.33,0.96,0.4
197604,-0.007274255,-1.49,0.08,-0.16,0.4,-1.1,0.42
197605,-0.017216464,-1.34,-1.1,-1.36,2.46,-1.41,0.37
197606,0.00533264,4.05,-1.07,0.71,-0.68,1.02,0.43
197607,0.013143854,-1.07,0.63,1.73,-1.05,0.28,0.47
197608,0.00161455,-0.56,-1.98,0.81,-0.42,-0.55,0.42
197609,-0.002305211,2.07,0.1,-0.29,0.98,-1.15,0.44
197610,-0.000595459,-2.42,0.13,-0.18,-0.19,-0.37,0.41
197611,0.003832448,0.36,2.66,1.51,-1.41,0.09,0.4
197612,0.012115388,5.65,3.64,2.27,-0.61,2.28,0.4
197701,0.012538039,-4.05,5.9,4.27,-0.51,1.97,0.36
197702,0.003240886,-1.94,1.07,0.47,-0.16,-0.22,0.35
197703,0.001959194,-1.37,1.31,1.09,-0.3,-0.06,0.38
197704,0.007543041,0.15,0.61,3.38,-2.01,1.14,0.38
197705,0.005432242,-1.45,1.31,0.85,0.33,0.19,0.37
197706,-0.004107489,4.71,2.08,-0.74,0.91,-1.2,0.4
197707,0.004336317,-1.69,1.88,-0.56,0.73,0.09,0.42
197708,-0.002466191,-1.75,0.86,-2.7,0.98,-0.66,0.44
197709,-0.002827514,-0.27,1.43,-0.52,1.43,-0.84,0.43
197710,0.003034476,-4.38,1.48,1.75,-0.2,-0.3,0.49
197711,0.000344927,4,3.64,0.26,-0.13,0.73,0.5
197712,0.002926043,0.27,1.59,-0.29,0.92,-0.69,0.49
197801,0.013301085,-6.01,2.72,3.36,-1.72,1.52,0.49
197802,0.002801611,-1.38,3.7,0.83,0.3,1.01,0.46
197803,0.004397362,2.85,3.71,1.18,-0.59,1.89,0.53
197804,-0.011857102,7.88,-0.26,-3.54,2.81,-1.26,0.54
197805,-0.004770335,1.76,4.58,-0.52,0.22,0.41,0.51
197806,-0.001257828,-1.69,1.56,0.57,-1.4,-0.07,0.54
197807,-0.003219862,5.11,0.12,-1.15,1.55,-0.78,0.56
197808,-0.015872492,3.75,4.95,-0.51,1.43,0.46,0.56
197809,0.010540562,-1.43,-0.32,1.89,-0.67,1.78,0.62
197810,0.022822413,-11.91,-10.02,1.38,0.12,0.94,0.68
197811,-0.011691544,2.71,2.81,-2.15,1.13,-1.17,0.7
197812,-0.005347312,0.88,1.13,-2.13,2.01,-1.32,0.78
197901,0.009671655,4.23,3.78,2.19,-2.47,1.52,0.77
197902,0.008128983,-3.56,0.54,1.17,-1.12,0.94,0.73
197903,-0.008965637,5.68,3.24,-0.71,0.53,0.32,0.81
197904,-0.005839113,-0.06,2.37,1.12,1.08,0.17,0.8
197905,0.009230718,-2.21,0.18,1.31,-1.54,-0.27,0.82
197906,0.006023133,3.85,1,1.44,-1.66,-0.52,0.81
197907,-0.000873908,0.82,1.27,1.86,-0.29,0.71,0.77
197908,-0.011702358,5.53,1.92,-1.58,1.62,-1.48,0.77
197909,-0.000255115,-0.82,-0.32,-0.9,1.01,0.32,0.83
197910,0.001302803,-8.1,-3.5,-1.84,1.01,0.07,0.87
197911,-0.017130761,5.21,2.53,-3.29,0.06,-2.12,0.99
197912,-0.005959673,1.79,4.32,-2.1,-0.7,-0.92,0.95
198001,-0.00166334,5.51,1.83,1.75,-1.7,1.64,0.8
198002,-0.004807791,-1.22,-1.57,0.61,0.04,2.68,0.89
198003,0.020272936,-12.9,-6.93,-1.01,1.46,-1.19,1.21
198004,0.005178427,3.97,1.05,1.06,-2.1,0.29,1.26
198005,0.002925514,5.26,2.11,0.38,0.34,-0.31,0.81
198006,-0.013161707,3.06,1.41,-0.76,-0.15,-1.26,0.61
198007,-0.031063302,6.49,3.82,-6.41,4.06,-2.43,0.53
198008,-0.013660193,1.8,4.25,-2.6,2.06,-0.86,0.64
198009,-0.022213908,2.19,0.67,-4.59,1.91,-2.76,0.75
198010,-0.016467055,1.06,2.33,-2.76,1.65,-1.15,0.95
198011,-0.059856879,9.59,-3.31,-8.33,4.5,-5.66,0.96
198012,0.019719475,-4.52,-0.29,2.79,-1.29,1.24,1.31
198101,0.044763528,-5.04,3.29,6.72,-3.51,4.33,1.04
198102,0.017314622,0.57,-0.5,1.02,0.21,2.22,1.07
198103,0.012747179,3.56,3.02,0.64,-2.24,-0.54,1.21
198104,0.008621591,-2.11,4.59,2.28,0.83,1.24,1.08
198105,-0.005975671,0.11,2.45,-0.42,0.3,-1.53,1.15
198106,0.030594795,-2.36,-0.96,5.13,-1.37,2.66,1.35
198107,-0.021109453,-1.54,-2.05,-0.5,1.26,-2.54,1.24
198108,0.013588827,-7.04,-1.81,4.76,-0.32,1.41,1.28
198109,0.028222472,-7.17,-2.45,5.17,0.08,2.63,1.24
198110,-0.032182589,4.92,2.37,-4.21,3.15,-3.01,1.21
198111,0.010888466,3.36,-1.51,1.83,0.08,0.95,1.07
198112,0.015914047,-3.65,1.2,0.81,0.22,2.5,0.87
198201,0.028772445,-3.24,-1.14,3.19,-1.49,1.92,0.8
198202,0.043275002,-5.86,0.35,6.05,-3.48,4.56,0.92
198203,0.026798411,-1.87,-0.05,3.81,-1.38,2.49,0.98
198204,-0.000555013,3.27,1.09,-2.7,1.57,-0.01,1.13
198205,0.00332988,-3.99,0.64,1.75,0.87,-0.3,1.06
198206,0.02797144,-3.09,-0.52,1.53,0.01,2.72,0.96
198207,0.022633453,-3.19,0.95,0.09,1.04,1.55,1.05
198208,0.000794719,11.14,-4.35,0.95,-1.89,0.09,0.76
198209,0.006156047,1.29,2.61,0.28,2.14,-0.04,0.51
198210,-0.017543258,11.3,1.92,-3.66,0.29,-0.34,0.59
198211,-0.007266663,4.67,4.43,-1.87,-0.97,0.27,0.63
198212,0.010206899,0.55,-0.04,-0.02,-0.01,1.02,0.67
198301,-0.002957575,3.6,3.35,-0.75,-1.55,-0.58,0.69
198302,0.011218674,2.59,2.92,0.7,-0.52,1.05,0.62
198303,0.013147718,2.82,1.37,2.02,-0.17,2.74,0.63
198304,0.002775622,6.67,0.48,0.49,-0.11,1.42,0.71
198305,-0.007755188,0.52,6.3,-1.4,-1.84,-1.51,0.69
198306,-0.014022252,3.07,1.18,-3.9,2.6,-0.87,0.67
198307,0.017979683,-4.07,1.01,5.62,-0.14,2.81,0.74
198308,0.018411997,-0.5,-4.32,5.54,0.51,1.9,0.76
198309,0.00695145,0.91,0.3,1.01,1.24,0.5,0.76
198310,0.025995584,-3.44,-3.77,4.97,-0.77,2.96,0.76
198311,0.002040359,2.16,1.87,-0.72,-0.67,0.66,0.7
198312,0.019211774,-1.78,-0.45,1.73,1.64,1.27,0.73
198401,0.033010134,-1.92,-0.04,7.58,-0.89,2.92,0.76
198402,0.006918632,-4.82,-1.59,3.33,0.9,1.58,0.71
198403,0.018399079,0.63,-0.29,0.46,-0.96,1.17,0.73
198404,-0.004783335,-0.51,-0.95,1.2,3.34,0.76,0.81
198405,-0.003815408,-5.97,0.13,0.31,2.36,-0.46,0.78
198406,-0.025858716,1.82,0.11,-2.66,3.17,-1.56,0.75
198407,-0.007662035,-2.74,-2.22,0.36,3.55,-2.15,0.82
198408,-0.007245483,10.28,-0.26,-1.82,-0.68,-0.92,0.83
198409,0.020825669,-0.8,-0.03,5.28,1.37,2.41,0.86
198410,0.000287908,-0.84,-1.44,0.45,1.18,-1.09,1
198411,0.027030211,-1.76,-1.02,4.06,0.72,2.06,0.73
198412,-0.011517933,1.84,-0.65,-0.26,1.31,-1.36,0.64
198501,-0.034129372,7.99,3.51,-5.35,-0.89,-3.41,0.65
198502,0.004694406,1.22,1.04,-0.1,1.29,1.06,0.58
198503,0.03144645,-0.84,-1.39,4.07,1.23,2.88,0.62
198504,0.015306693,-0.96,-0.1,3.72,1.55,0.71,0.72
198505,-0.005036824,5.09,-2.31,-0.96,1.33,-1.49,0.66
198506,-0.005311693,1.27,0.35,0.38,1.76,-0.77,0.55
198507,0.00400894,-0.74,2.87,-1.62,-0.42,-0.38,0.62
198508,0.017490352,-1.02,-0.29,2.32,-0.1,1.83,0.55
198509,0.02156495,-4.54,-1.8,1.29,1.14,1.64,0.6
198510,-0.002293314,4.02,-1.5,0.75,0.89,-1.06,0.65
198511,-0.015376096,6.48,0.02,-2.85,0.33,-2.32,0.61
198512,-0.00521175,3.88,-0.41,-1.54,0.99,-1.8,0.65
198601,-0.003302067,0.65,1.01,0.44,-2,-2.03,0.56
198602,-0.01495644,7.13,-0.71,-0.72,1.06,-1.2,0.53
198603,-0.008525723,4.88,-0.66,-0.39,1.21,0.92,0.6
198604,-0.01151407,-1.31,2.84,-2.87,2.91,0.03,0.52
198605,-0.005841347,4.62,-1.29,-0.21,2.13,1.08,0.49
198606,-0.010243465,1.03,-0.89,1.28,1.8,0.87,0.52
198607,0.018501111,-6.45,-3.46,4.7,-0.54,0.84,0.52
198608,0.031355621,6.07,-4.35,3.51,-1.66,3.21,0.46
198609,0.025716782,-8.6,2.05,3.22,-0.08,3.71,0.45
198610,-0.007358101,4.66,-2.33,-1.42,-0.05,1,0.46
198611,0.005634686,1.17,-1.88,-0.07,1.09,0.67,0.39
198612,0.006435909,-3.27,0.12,0.36,0.79,0.09,0.49
198701,-0.004147103,12.47,-1.54,-3.16,0.17,-1,0.42
198702,-0.024403073,4.39,3.4,-5.91,-0.76,-2.66,0.43
198703,0.017920349,1.64,0.28,1.61,1.36,4.14,0.47
198704,0.01561268,-2.11,-1.54,-0.39,-0.49,1.05,0.44
198705,0.003920006,0.11,-0.56,0.23,0.51,1.14,0.38
198706,0.005901516,3.94,-2.21,1.04,1.7,0.84,0.48
198707,0.016379152,3.85,-1.14,0.68,-0.61,1.61,0.46
198708,-0.017974123,3.52,-0.94,-0.93,2.04,-1.61,0.47
198709,0.01682781,-2.59,0.38,0.27,-0.97,1.87,0.45
198710,0.03458051,-23.24,-8.07,4.24,2.04,2.34,0.6
198711,0.017970224,-7.77,2.85,2.95,-1.88,0.68,0.35
198712,-0.032358461,6.81,0.06,-4.43,2.96,-2.42,0.39
198801,0.020674539,4.21,-0.51,5.01,-1.14,2.13,0.29
198802,-0.010411222,4.75,3.32,-1.71,1.56,-0.01,0.46
198803,0.000283313,-2.27,6.25,0.73,-0.25,1.8,0.44
198804,0.008930391,0.56,1.16,1.67,-0.2,1.92,0.46
198805,0.016401362,-0.29,-2.56,2.42,-0.74,0.33,0.51
198806,-0.016670283,4.79,2.16,-1.24,1.47,-3.37,0.49
198807,0.013993455,-1.25,-0.21,2.22,-0.58,1.52,0.51
198808,0.018415774,-3.31,-0.03,2.15,-0.82,1.76,0.59
198809,-0.005048691,3.3,-1.36,-0.75,1.76,-0.61,0.62
198810,0.01365664,1.15,-2.95,2.05,1.3,1.03,0.61
198811,0.005707866,-2.29,-1.65,1.41,-0.28,1.62,0.57
198812,-0.008284887,1.49,2.01,-1.69,0.69,-0.38,0.63
198901,-0.003945162,6.1,-2.31,0.6,-0.95,0.14,0.55
198902,0.00692985,-2.25,2.71,1.01,-0.87,1.81,0.61
198903,0.010413063,1.57,0.68,0.58,0.05,0.72,0.67
198904,-0.003440309,4.33,-0.78,-1.42,0.71,-0.57,0.67
198905,-0.006833428,3.35,-0.01,-0.88,0.49,-0.08,0.79
198906,0.02192598,-1.35,-1.09,2.25,0.27,1.56,0.71
198907,-0.000746939,7.2,-4.15,-2.79,1.98,-0.58,0.7
198908,-0.010050107,1.44,0.48,0.6,0.39,-0.58,0.74
198909,-0.004102757,-0.76,0.49,-1.27,1.4,0.5,0.65
198910,0.000124442,-3.67,-3.3,-1.11,0.11,-0.04,0.68
198911,0.008218485,1.03,-1.29,-1.09,-0.86,1.41,0.69
198912,0.013271081,1.16,-2.27,0.16,-0.07,1.42,0.61
199001,0.008190147,-7.85,-1.31,0.85,-1.17,1.35,0.57
199002,-0.005452083,1.11,1.17,0.64,-0.03,-0.66,0.57
199003,-0.015455116,1.83,1.62,-2.92,2.04,-1.02,0.64
199004,-0.012086731,-3.36,-0.33,-2.59,1.78,-0.98,0.69
199005,-0.021659114,8.42,-2.35,-3.83,1.57,-1.68,0.68
199006,-0.005298397,-1.09,1.35,-1.93,-1.03,-0.39,0.63
199007,0.016376621,-1.9,-3.16,-0.03,-0.18,3.21,0.68
199008,0.018783235,-10.15,-3.87,1.64,-0.35,2.96,0.66
199009,0.017646017,-6.12,-3.74,0.64,0.06,3.67,0.6
199010,0.005485164,-1.92,-5.12,0.1,2.97,-0.3,0.68
199011,-0.024708646,6.35,0.07,-3.1,0.65,-4.74,0.57
199012,-0.012898212,2.46,0.67,-1.7,2.73,-1.89,0.6
199101,-0.020846429,4.69,3.91,-1.6,1.28,-3.99,0.52
199102,-0.005056621,7.19,3.94,-0.58,-0.2,-0.33,0.48
199103,-0.000793051,2.65,3.83,-1.39,-0.53,-1.06,0.44
199104,0.004964397,-0.28,0.31,1.5,0.62,0.74,0.53
199105,-0.0075628,3.65,0.14,-0.52,2,-2.43,0.47
199106,0.015893147,-4.94,0.24,1.15,1.79,0.65,0.42
199107,-0.016352702,4.24,-0.96,-1.32,1.6,-1.36,0.49
199108,-0.010728283,2.32,1.4,-0.78,0.84,-0.34,0.46
199109,0.001461896,-1.59,1.56,-1.08,-1.82,0.08,0.46
199110,-0.003268356,1.29,0.91,-0.47,-1.7,-0.23,0.42
199111,-0.00866029,-4.19,-0.83,-1.89,1.11,0.01,0.39
199112,-0.024315836,10.84,-2.4,-4.17,3.55,-3.12,0.38
199201,0.022575827,-0.59,9.18,4.71,-1.32,3.2,0.34
199202,0.02116761,1.09,1.33,6.47,0.08,2.19,0.28
199203,0.02482806,-2.66,-0.93,3.56,-0.01,1.95,0.34
199204,0.040333748,1.07,-5.7,4.34,1.69,2.23,0.32
199205,0.001371412,0.3,0.21,1.19,-0.95,0.48,0.28
199206,0.009003825,-2.34,-2.73,3.24,-0.05,1.01,0.32
199207,-0.003691227,3.77,-0.62,-0.56,1.3,-0.91,0.31
199208,-0.000440203,-2.38,-0.42,-1.1,3.72,-1.65,0.26
199209,-0.005552868,1.19,0.48,-0.26,1.64,-0.59,0.26
199210,-0.02000246,1.02,2.07,-1.98,1.24,-0.79,0.23
199211,-0.023660494,4.13,3.94,-1.35,-0.68,-1.59,0.23
199212,0.008570333,1.53,1.68,2.62,-0.48,0.84,0.28
199301,0.020517549,0.93,1.93,5.94,-1.84,2.91,0.23
199302,0.048996781,0.12,-3.45,6.42,-0.42,4.13,0.22
199303,0.002450308,2.3,0.09,1.18,-0.15,0.9,0.25
199304,0.024368324,-3.05,-0.85,2.49,-3.61,1.38,0.24
199305,-0.022103258,2.89,1.9,-3.42,-0.12,-1.04,0.22
199306,0.010978644,0.31,0.13,2.75,-0.92,1.21,0.25
199307,0.015198228,-0.34,0.95,2.85,-1.87,2.06,0.24
199308,-0.007890032,3.71,0.1,0.13,-1.54,-0.04,0.25
199309,-0.018108437,-0.12,2.98,-0.31,0.24,-0.16,0.26
199310,0.006023648,1.41,1.89,-2.76,0.57,0.6,0.22
199311,0.008344772,-1.89,-1.27,-0.74,2.23,-0.94,0.25
199312,-0.005530956,1.65,1.4,0.32,1.16,-0.34,0.23
199401,0.011306924,2.87,-0.06,1.15,-1.66,1.43,0.25
199402,-0.007958399,-2.55,2.67,-1.54,2.14,-1,0.21
199403,0.011755078,-4.78,-1.04,1.6,0.69,1.28,0.27
199404,0.012736534,0.68,-1.01,1.66,1.07,1.11,0.27
199405,0.018176343,0.58,-2.56,0.67,0.6,0.68,0.31
199406,0.025108627,-3.03,-0.5,1.67,1.21,1.47,0.31
199407,0.008043012,2.82,-1.85,0.58,-0.65,0.14,0.28
199408,-0.015582821,4.01,1.37,-2.51,0.95,-1.47,0.37
199409,-0.002558292,-2.31,2.8,-1.89,0.52,0.93,0.37
199410,-0.008584977,1.34,-2.3,-1.62,0.23,-0.68,0.38
199411,0.002412195,-4.04,0.07,-0.7,0.42,-0.5,0.37
199412,0.006623901,0.86,0,-0.13,0.37,0.38,0.44
199501,0.014313037,1.8,-3.06,2.57,0.17,-0.75,0.42
199502,0.000579232,3.63,-0.54,1.08,0.59,-0.33,0.4
199503,-0.007366309,2.19,-0.51,-2.15,-0.17,0.22,0.46
199504,0.008388724,2.11,-0.22,1.71,0.41,0.9,0.44
199505,0.008869033,2.9,-2.19,2.29,0.39,0.04,0.54
199506,-0.032375753,2.72,3.06,-2.54,-0.33,-2.44,0.47
199507,-0.033684747,3.72,2.09,-1.62,0.3,-1.65,0.45
199508,0.010475303,0.55,1.75,2.79,-1.24,1.62,0.47
199509,0.006083805,3.35,-1.88,-0.04,1.03,0.36,0.43
199510,0.015112752,-1.52,-4.04,-0.5,1.91,-0.05,0.47
199511,0.007634558,3.96,-1.07,0.51,-0.62,1.12,0.42
199512,0.02660873,1.03,0.72,0.22,-1.37,3.1,0.49
199601,0.013082532,2.26,-2.56,0.38,0.18,2.31,0.43
199602,-0.019539963,1.33,1.77,-1.08,0.24,-1.9,0.39
199603,0.006160632,0.73,1.61,0.35,1.42,-0.95,0.39
199604,-0.036423712,2.06,4.71,-4.02,-0.14,-2.11,0.46
199605,-0.009163542,2.36,3.21,-0.83,0.12,-0.3,0.42
199606,0.041941766,-1.14,-3.65,2.35,3.51,1.22,0.4
199607,0.034978529,-5.97,-3.81,5.14,2.95,2.6,0.45
199608,-0.022746114,2.77,2.57,-0.74,-0.37,-2.42,0.41
199609,-0.024837465,5.01,-1.39,-2.72,1.27,-2.22,0.44
199610,0.041668935,0.86,-3.77,4.94,1.4,3.25,0.42
199611,-0.003350671,6.25,-3.8,1.39,2.12,-0.79,0.41
199612,0.01061731,-1.7,3.25,1.31,0.37,1.49,0.46
199701,-0.011074219,4.99,-1.82,-1.42,1.19,-0.02,0.45
199702,0.046304458,-0.49,-2.59,5.67,0.67,3.47,0.39
199703,0.03044439,-5.03,-0.43,3.39,0.5,1.66,0.43
199704,0.006861127,4.04,-5.7,0.07,3.26,-0.72,0.43
199705,-0.0401179,6.74,4.75,-4.13,-1.02,-2.96,0.49
199706,0.005608368,4.1,1.19,1.58,0.56,0.66,0.37
199707,-0.014233479,7.33,-2.76,0.26,0.07,-2.58,0.43
199708,-0.008081358,-4.15,7.61,1.18,-1.11,-0.04,0.41
199709,-0.010072274,5.35,2.49,0.37,-1.63,-0.91,0.44
199710,0.016049432,-3.8,-0.52,2.27,1,1.94,0.42
199711,0.035403851,2.98,-5.11,1.2,2.81,1.84,0.39
199712,0.019025381,1.32,-2.03,3.84,0.74,1.92,0.48
199801,0.006565676,0.15,-1.36,-1.63,0.87,-0.73,0.43
199802,-0.020433106,7.04,0.2,-0.85,-0.31,-2.54,0.39
199803,0.005080802,4.76,-0.65,1.39,-0.26,-0.37,0.39
199804,-0.005153444,0.73,0,0.94,-1.69,-0.36,0.43
199805,0.028834261,-3.07,-2.95,3.44,1.1,2.61,0.4
199806,-0.012188942,3.18,-3.66,-1.96,-0.26,-2.97,0.41
199807,0.018163538,-2.46,-5.27,-1.78,1.74,0.45,0.4
199808,0.071653009,-16.08,-5.17,3.53,3.37,5.91,0.43
199809,-0.01577645,6.15,-0.78,-3.42,-1.88,-2.99,0.46
199810,-0.008577109,7.13,-3.43,-2.23,0.93,0.31,0.32
199811,-0.014630035,6.1,0.75,-3.25,-0.86,-1.18,0.31
199812,-0.043707042,6.16,-1.56,-4.19,-0.76,-3.39,0.38
199901,-0.033766174,3.5,-0.75,-4.6,-2.77,-6.8,0.35
199902,0.027981547,-4.08,-5.22,1.92,-1.23,4.1,0.35
199903,-0.021610917,3.45,-4.23,-2.74,-4.07,-1.42,0.43
199904,0.012536266,4.33,4.52,2.46,-2.53,0.89,0.37
199905,0.017593134,-2.46,3.71,2.35,0.93,3.34,0.34
199906,-0.013292076,4.77,2.29,-3.19,1.13,-3.21,0.4
199907,0.022786814,-3.49,2.57,-0.44,0.36,3.22,0.38
199908,0.00335034,-1.38,-1.73,-1.87,-0.24,0.64,0.39
199909,-0.015969559,-2.79,2.59,-3.49,-0.75,-1.23,0.39
199910,-0.019986513,6.12,-6.91,-3.37,-1.74,-1.19,0.39
199911,-0.055226893,3.37,5.8,-6.12,-4.28,-1.74,0.36
199912,-0.059253307,7.72,5.39,-8.33,-7.6,-5.63,0.44
200001,0.001764892,-4.74,4.42,-1.88,-6.29,4.72,0.41
200002,-0.102687905,2.45,18.28,-9.59,-18.65,-0.48,0.43
200003,0.046489497,5.2,-15.32,8.13,11.79,-1.59,0.47
200004,0.070944598,-6.4,-5.01,7.26,7.66,5.65,0.46
200005,0.075822987,-4.42,-3.81,4.75,4.13,1.37,0.5
200006,-0.097354805,4.64,9.92,-8.42,-8.31,-2.95,0.4
200007,0.03800201,-2.51,-1.03,8.31,5.83,2.94,0.48
200008,-0.030146701,7.03,-1.03,-1.39,-3.22,1.1,0.5
200009,0.054647831,-5.45,0.19,7.17,2.56,5.53,0.51
200010,0.070922747,-2.76,-2.65,5.71,9.61,3.8,0.56
200011,0.145066623,-10.72,-0.58,12.3,13.07,8.43,0.51
200012,0.031699528,1.19,3.26,7.61,1.71,4.79,0.5
200101,-0.066006485,3.13,5.48,-5.07,-4.69,-5.03,0.54
200102,0.1461563,-10.05,2.83,12.47,9.1,9.07,0.38
200103,0.080944931,-7.26,2.33,6.42,3.35,3.92,0.42
200104,-0.086320419,7.94,-0.86,-4.67,-3.06,-3.2,0.39
200105,0.042871557,0.72,3.6,3.36,0.25,1.91,0.32
200106,0.018476967,-1.94,6.57,-1.12,1.6,-1.51,0.28
200107,0.057424835,-2.13,-2.82,5.21,7.42,3.06,0.3
200108,0.061319141,-6.46,2.72,2.31,4.05,6.56,0.31
200109,0.065421394,-9.25,-5.73,1.45,4.99,3.22,0.28
200110,-0.061794135,2.46,5.27,-7.65,-2.98,-4.56,0.22
200111,-0.014273458,7.54,-0.3,2.21,-3.73,-1.64,0.17
200112,-0.001743695,1.6,5.16,0.84,0.34,-0.26,0.15
200201,0.034319106,-1.44,1.26,3.44,4.69,2.86,0.14
200202,0.035573148,-2.29,-0.36,2.16,8.07,5.11,0.13
200203,-0.009851547,4.24,4.25,1.06,-1.78,0.59,0.13
200204,0.024689319,-5.2,6.72,3.88,4.56,5.37,0.15
200205,0.013721527,-1.38,-3.01,1.53,2.36,2.44,0.14
200206,0.01192639,-7.21,3.89,-0.05,3.93,2.52,0.13
200207,-0.003209911,-8.18,-6.43,-3.85,3.79,-0.99,0.15
200208,-0.002429311,0.5,-1.31,3.28,1.36,-1.46,0.14
200209,-0.021938298,-10.35,3.08,1.45,3.28,-2.2,0.14
200210,0.012984445,7.84,-4.31,-3.94,-3.39,0.77,0.14
200211,0.040940359,5.96,2.93,-1.26,-9.22,5.12,0.12
200212,-0.009842004,-5.76,0.61,2.14,6.3,-1.68,0.11
200301,0.001587413,-2.57,0.69,-0.81,-0.97,0.7,0.1
200302,-0.003439459,-1.88,-0.94,-1.37,0.84,-0.61,0.09
200303,-0.015102878,1.09,0.66,-1.94,1.86,-0.78,0.1
200304,0.011254689,8.22,1.01,1.15,-4.67,1.07,0.1
200305,0.009951575,6.05,4.82,0.39,-7.01,2.9,0.09
200306,-0.008564516,1.42,1.66,0.11,0.5,-0.39,0.1
200307,0.007531193,2.35,4.54,-1.24,-4.14,1.78,0.07
200308,0.003730864,2.34,2.48,1.53,-2.25,2.14,0.07
200309,0.002883837,-1.24,0.54,0.17,1.01,0.35,0.08
200310,0.010774455,6.08,2.71,1.97,-1.35,1.55,0.07
200311,0.005629914,1.35,2.33,1.78,0.19,1.81,0.07
200312,0.010891528,4.29,-2.49,1.6,0.56,0.94,0.08
200401,0.021705841,2.15,2.45,2.49,-3.66,3.38,0.07
200402,-0.012080323,1.4,-0.92,0.88,2.16,-1.23,0.06
200403,-0.012589038,-1.32,2.1,0.27,1.56,-0.98,0.09
200404,-0.010450822,-1.83,-2.02,-3.07,3.47,-2.81,0.08
200405,0.003736803,1.17,-0.38,-0.25,-1.18,0.03,0.06
200406,0.004063749,1.86,2.56,1.18,1.2,-0.39,0.08
200407,-0.003331555,-4.06,-2.96,3.24,5.32,-1.66,0.1
200408,0.003879642,0.08,-1.14,0.97,1.23,-1.47,0.11
200409,-0.019079985,1.6,3.27,0,-1.49,-1.88,0.11
200410,0.003804188,1.43,0.19,-0.22,-0.52,0.49,0.11
200411,-0.005556225,4.54,4.11,1.41,-0.58,-0.22,0.15
200412,0.000576396,3.43,-0.05,-0.22,-1.16,0.46,0.16
200501,-0.004335866,-2.76,-1.17,2.06,2.74,-1.46,0.16
200502,-0.011617973,1.89,-0.31,1.54,1.43,-0.05,0.16
200503,0.009418084,-1.97,-1.42,2.04,0.46,1.29,0.21
200504,0.009192991,-2.61,-3.98,0.07,0.97,-0.94,0.21
200505,-0.011400982,3.65,2.78,-0.64,-1,0.3,0.24
200506,-0.005913951,0.57,3.28,2.83,0.96,-0.51,0.23
200507,-0.016500974,3.92,2.81,-0.79,-1.18,-0.82,0.24
200508,-0.004506531,-1.22,-0.89,1.32,-2.05,0.37,0.3
200509,-0.009785995,0.49,-0.34,0.71,0.27,-0.6,0.29
200510,0.006028464,-2.02,-1.45,0.42,-0.93,-1.29,0.27
200511,-0.008316565,3.61,0.84,-1.16,-0.76,-1.13,0.31
200512,-0.005087695,-0.25,-0.2,0.2,0.22,0.23,0.32
200601,-0.024893827,3.04,5.75,1.08,-0.65,-0.45,0.35
200602,0.023415564,-0.3,-0.42,-0.34,-0.51,1.91,0.34
200603,-0.010802173,1.46,3.39,0.6,0.06,-0.4,0.37
200604,-0.006159766,0.73,-0.84,2.34,1.8,0.01,0.36
200605,0.017996632,-3.57,-2.85,2.41,1.15,1.46,0.43
200606,-0.003771794,-0.35,-0.24,0.85,1.32,-0.07,0.4
200607,0.012140225,-0.78,-3.63,2.6,1.63,0.9,0.4
200608,0.013336154,2.03,0.44,-2.06,-1.86,2.09,0.42
200609,0.011632861,1.84,-1.46,0.08,0.82,0.6,0.41
200610,-0.00520465,3.23,1.98,-0.31,-0.12,0.28,0.41
200611,-0.015068949,1.71,0.71,0.14,0.15,-0.8,0.42
200612,0.021084015,0.87,-0.82,2.73,-0.72,2.06,0.4
200701,-0.003408565,1.4,0.07,-0.68,0.26,0.38,0.44
200702,0.001734015,-1.96,1.29,-0.14,-0.51,-0.71,0.38
200703,-0.002392959,0.68,0.2,-0.97,0.64,-0.65,0.43
200704,-0.003488235,3.49,-2.04,-1.45,1.15,1.03,0.44
200705,-0.007342183,3.24,0.4,-0.65,1.58,-1.37,0.41
200706,-0.006574673,-1.96,0.74,-1.05,0.53,0.08,0.4
200707,-0.02481089,-3.73,-2.99,-3.71,0.2,-1.13,0.4
200708,-0.002238573,0.92,-0.38,-1.86,-1.21,-0.54,0.42
200709,-0.028600202,3.22,-2.44,-2.21,-0.52,-3.02,0.32
200710,-0.019661429,1.8,-0.08,-2.98,-0.29,-0.09,0.32
200711,0.013156812,-4.83,-3.02,-0.94,1.89,-0.29,0.34
200712,-0.021035352,-0.87,0.15,-0.55,0.87,-1.05,0.27
200801,0.027689575,-6.36,-0.65,3.97,2.15,2.14,0.21
200802,-0.026681912,-3.09,-0.66,-0.84,0.87,-0.92,0.13
200803,0.013618375,-0.93,0.56,0.3,0.79,0.5,0.17
200804,-0.019642735,4.6,-1.2,-0.94,1.63,-2.47,0.18
200805,-0.025989022,1.86,3.02,-1.43,0.93,-0.06,0.18
200806,-0.030403048,-8.44,1.18,-2.71,4.96,-0.55,0.17
200807,0.048880844,-0.77,3.72,5.42,-1.36,1.06,0.15
200808,0.023034734,1.53,3.46,1.59,1.86,0.84,0.13
200809,0.052702947,-9.24,0.25,5.91,2.42,1.78,0.15
200810,0.030324873,-17.23,-3.34,-2.3,3.04,2.05,0.08
200811,0.005821853,-7.86,-3.9,-6.31,4.53,2.75,0.03
200812,0.005832544,1.74,3.29,0.14,0.07,-1.5,0
200901,-0.033163905,-8.12,-2.14,-11.29,0.18,-1.16,0
200902,-0.016177692,-10.1,-1.33,-6.95,1.2,-1.02,0.01
200903,0.011323112,8.95,0.67,3.47,-2.52,-2.25,0.02
200904,0.013657257,10.18,7.13,5.36,1.31,0.12,0.01
200905,-0.024506196,5.21,-2.32,0.28,-0.78,-2.16,0
200906,0.012695281,0.43,2.29,-2.73,-1.41,-0.33,0.01
200907,0.021783959,7.72,2.39,4.83,-0.46,3.13,0.01
200908,0.029025752,3.33,-0.09,7.63,-3.03,3.34,0.01
200909,-0.009991527,4.08,2.73,1.04,1.31,0.36,0.01
200910,-0.006770471,-2.59,-4.94,-4.21,4.17,-1.5,0
200911,-0.00289662,5.56,-2.68,-0.34,1,0.13,0
200912,0.011845262,2.75,6.24,-0.16,1.02,-0.09,0.01
201001,-0.002454105,-3.36,0.34,0.43,-1.27,0.46,0
201002,0.01411998,3.4,1.51,3.22,-0.27,1.42,0
201003,0.014272763,6.31,1.85,2.21,-0.65,1.69,0.01
201004,0.021192695,2,4.98,2.89,0.69,1.72,0.01
201005,-0.008597282,-7.89,0.05,-2.44,1.3,-0.22,0.01
201006,-0.02312559,-5.57,-2.47,-4.7,-0.16,-1.55,0.01
201007,0.015338526,6.93,0.12,-0.31,0.24,2,0.01
201008,-0.023940614,-4.77,-3.15,-1.9,0.53,-1.59,0.01
201009,0.005054674,9.54,3.75,-3.16,-0.21,0.38,0.01
201010,0.000939961,3.88,0.8,-2.42,1.19,-0.27,0.01
201011,-0.007090983,0.6,3.67,-0.96,0.46,1.59,0.01
201012,0.012835937,6.82,1.04,3.69,-3.44,3.17,0.01
201101,0.001139132,1.99,-2.43,0.82,-0.76,0.83,0.01
201102,-0.000842207,3.49,1.65,1.27,-1.94,0.88,0.01
201103,-0.004244446,0.46,2.62,-1.83,1.76,-0.03,0.01
201104,0.00240647,2.9,-0.55,-2.43,1.01,-0.8,0
201105,0.004941231,-1.27,-0.62,-2.12,2.08,-1.58,0
201106,0.001103374,-1.75,0.16,-0.42,2.49,-1.53,0
201107,-0.009691012,-2.35,-1.2,-0.89,2.68,-1.81,0
201108,-0.001253439,-5.99,-3.2,-2.36,3.3,-0.38,0.01
201109,0.023578029,-7.59,-3.66,-1.73,2.04,0.25,0
201110,-0.014539728,11.35,3.46,0.11,-2.16,-0.86,0
201111,0.006715745,-0.28,-0.28,-0.45,1.86,1.49,0
201112,0.025999252,0.74,-0.33,1.63,0.98,2.52,0
201201,-0.020734054,5.05,2.06,-0.97,-2.01,-1.44,0
201202,0.000729739,4.42,-1.71,0.43,-0.48,-0.01,0
201203,0.015167101,3.11,-0.47,1.14,-0.54,0.74,0
201204,0.005203387,-0.85,-0.55,-0.78,1.3,0.65,0
201205,0.020876813,-6.19,-0.12,-1.07,2.08,2.31,0.01
201206,0.011745395,3.89,0.84,0.62,-1.1,0.46,0
201207,0.004125927,0.79,-2.78,-0.02,1.1,0.05,0
201208,-0.005984966,2.55,0.44,1.3,-1.33,-0.84,0.01
201209,-0.000423497,2.73,0.61,1.6,-1.49,1.54,0.01
201210,0.015223833,-1.76,-0.89,3.59,-1.34,2.5,0.01
201211,0.003117941,0.78,0.46,-0.84,0.61,0.85,0.01
201212,0.00319687,1.18,1.89,3.51,-1.85,0.91,0.01
201301,0.006905882,5.57,0.48,0.96,-1.93,1.41,0
201302,0.012074164,1.29,-0.25,0.11,-0.67,0.52,0
201303,0.008008422,4.03,0.85,-0.19,0.13,1.38,0
201304,0.005824971,1.55,-2.25,0.45,0.27,0.38,0
201305,0.00209943,2.8,2.06,2.63,-1.97,-0.87,0
201306,0.003046524,-1.2,1.56,0.03,-0.37,0,0
201307,-0.000995516,5.65,1.81,0.57,-1.35,0.5,0
201308,-0.013431921,-2.71,-0.06,-2.69,0.66,-2.16,0
201309,-0.00420879,3.77,2.63,-1.22,-0.57,-1.35,0
201310,0.011126534,4.18,-1.48,1.25,2.77,0.87,0
201311,0.003266451,3.13,1.41,0.32,0.14,0.04,0
201312,-0.001885302,2.81,-0.45,-0.02,-0.45,0.1,0
201401,-0.003785563,-3.32,0.58,-2.07,-3.87,-1.43,0
201402,-0.006981296,4.65,0.13,-0.31,-0.21,-0.44,0
201403,0.019524074,0.43,-1.08,4.93,2.13,1.92,0
201404,0.012600616,-0.19,-4.11,1.17,3.47,1,0
201405,-0.004805163,2.06,-1.89,-0.13,0.06,-1,0
201406,-0.003044998,2.61,3.1,-0.7,-1.88,-2,0
201407,0.004702266,-2.04,-4.3,0.04,0.9,0.53,0
201408,-0.008690301,4.24,0.31,-0.45,-0.64,-0.69,0
201409,-7.66E-05,-1.97,-3.71,-1.35,1.29,-0.52,0
201410,-0.007265834,2.52,3.73,-1.8,-0.56,-0.1,0
201411,0.009124558,2.55,-2.28,-3.1,1.5,0.26,0
201412,0.004169346,-0.06,2.86,2.27,-1.22,0.96,0
201501,-0.008060795,-3.11,-0.92,-3.59,1.61,-1.65,0
201502,-0.011063294,6.13,0.32,-1.86,-1.12,-1.82,0
201503,-0.014130173,-1.12,3.07,-0.38,0.09,-0.52,0
201504,0.006277999,0.59,-3.09,1.82,0.06,-0.61,0
201505,-0.009247088,1.36,0.84,-1.15,-1.8,-0.75,0
201506,-0.01087756,-1.53,2.9,-0.79,0.44,-1.58,0
201507,-0.005679971,1.54,-4.55,-4.13,0.3,-2.42,0
201508,0.010740042,-6.04,0.25,2.77,0.68,1.19,0
201509,0.011733395,-3.07,-2.79,0.56,1.77,-0.58,0
201510,0.020774141,7.75,-2.08,-0.46,0.9,0.53,0
201511,-0.008001906,0.57,3.3,-0.42,-2.74,-1,0
201512,-0.012237078,-2.17,-3,-2.61,0.5,-0.01,0.01
201601,0.030022251,-5.77,-3.47,2.09,2.81,3.07,0.01
201602,0.015992411,-0.07,0.88,-0.57,3.25,2.02,0.02
201603,0.019133215,6.96,1.07,1.19,0.77,-0.08,0.02
201604,0.018888211,0.91,1.23,3.28,-2.97,1.9,0.01
201605,-0.013918302,1.78,-0.61,-1.66,-1.09,-2.49,0.01
201606,0.008477239,-0.05,0.45,-1.48,1.41,1.94,0.02
201607,-0.009714006,3.95,2.48,-1.32,1.25,-1.18,0.02
201608,0.005656629,0.49,1.69,3.18,-1.85,-0.34,0.02
201609,0.009132985,0.25,1.86,-1.24,-2.21,0.02,0.02
201610,0.008163359,-2.02,-4.03,4.09,0.93,0.27,0.02
201611,0.025242188,4.86,7.07,8.21,-0.18,3.69,0.01
201612,-0.000777081,1.82,0.41,3.53,1.22,-0.24,0.03
201701,-0.009321061,1.94,-1.45,-2.75,-0.5,-0.99,0.04
201702,-0.012980991,3.57,-2.22,-1.67,0.47,-1.83,0.04
201703,-0.005464442,0.17,0.74,-3.35,0.61,-0.95,0.03
201704,-0.01195714,1.09,0.48,-2.13,1.9,-1.6,0.05
201705,-0.019539977,1.06,-3.06,-3.78,0.95,-1.79,0.06
201706,-0.00704765,0.78,2.58,1.48,-2.22,0,0.06
201707,0.002433071,1.87,-1.69,-0.31,-0.67,-0.2,0.07
201708,-0.012473247,0.16,-1.83,-2.1,0.15,-2.38,0.09
201709,0.01056638,2.51,4.77,3.12,-1.5,1.71,0.09
201710,-0.011453669,2.25,-1.94,0.19,0.91,-3.26,0.09
201711,0.001955352,3.12,-0.32,-0.03,3.19,-0.06,0.08
201712,0.007490676,1.06,-1.06,0.06,0.75,1.7,0.09
201801,-0.005298668,5.57,-3.17,-1.28,-0.75,-0.91,0.12
201802,-0.013130499,-3.65,0.32,-1.04,0.48,-2.28,0.11
201803,-0.000329584,-2.35,3.6,-0.2,-0.42,-0.02,0.11
201804,0.009809493,0.29,0.93,0.54,-2.44,1.28,0.14
201805,-0.013133196,2.65,4.75,-3.22,-2.05,-1.53,0.14
201806,0.003892832,0.48,0.8,-2.33,0.8,0.2,0.14
201807,0.003411311,3.19,-1.93,0.45,1.55,0.35,0.16
201808,-0.020210883,3.44,0.65,-4,-0.31,-2.7,0.16
201809,0.002099585,0.06,-2.49,-1.71,0.63,1.29,0.15
201810,0.024137607,-7.68,-4.45,3.4,0.95,3.58,0.19
201811,-0.004263778,1.69,-0.77,0.28,-0.55,0.39,0.18
201812,0.002305822,-9.57,-2.88,-1.88,-0.03,0.21,0.2
201901,-0.023115234,8.4,3.01,-0.45,-0.78,-1.52,0.21
201902,-0.008593412,3.4,1.75,-2.71,0.12,-1.6,0.18
201903,-0.0007428,1.1,-3.51,-4.12,0.91,-0.94,0.19
201904,-0.004547184,3.97,-1.15,2.16,1.59,-2.22,0.21
201905,-0.001650656,-6.94,-1.59,-2.37,-0.46,1.77,0.21
201906,-0.002025256,6.93,0.37,-0.7,0.9,-0.44,0.18
201907,-0.002067961,1.19,-1.78,0.47,-0.07,0.34,0.19
201908,-0.001128255,-2.58,-3.24,-4.79,0.56,-0.68,0.16
201909,0.026505631,1.43,0.26,6.77,1.84,3.39,0.18
201910,-0.009325628,2.06,0.27,-1.9,0.43,-0.95,0.16
201911,-0.018860157,3.88,0.45,-1.99,-1.63,-1.25,0.12
201912,0.0055533,2.77,0.97,1.78,-0.02,1.23,0.14
202001,-0.021188527,-0.11,-4.4,-6.25,-1.2,-2.3,0.13
202002,-0.013442849,-8.13,0.04,-3.8,-1.49,-2.52,0.12
202003,-0.016143317,-13.39,-8.24,-13.88,-1.56,1.26,0.13
202004,-0.020942648,13.65,2.56,-1.34,2.73,-1.03,0
202005,-0.039266893,5.58,1.99,-4.85,0.93,-3.24,0.01
202006,-0.012061724,2.46,1.97,-2.23,0.13,0.53,0.01
202007,-0.015518935,5.77,-3.18,-1.44,0.4,1.03,0.01
202008,-0.006207228,7.63,-0.95,-2.88,4.33,-1.26,0.01
202009,-0.017511237,-3.63,-0.05,-2.65,-1.28,-1.96,0.01
202010,0.005272472,-2.1,4.54,4.31,-0.76,-0.88,0.01
202011,0.028081669,12.47,7.05,2.15,-2.22,1.28,0.01
202012,-0.004713654,4.63,4.7,-1.34,-1.88,-0.26,0.01
202101,0.0068495,-0.03,7.08,2.85,-3.92,5.18,0.01
202102,0.04804481,2.78,4.56,7.1,0.39,-1.95,0
202103,0.045688992,3.08,-0.78,7.27,6.34,3.57,0
202104,-0.00841126,4.93,-3.16,-0.95,2.47,-2.71,0
202105,0.036183931,0.29,1.2,7.13,2.4,3.02,0
202106,-0.03561003,2.75,-0.41,-7.75,-2.04,-1.02,0
202107,-0.025038175,1.27,-4.59,-1.81,5.48,-0.52,0
202108,-0.006622434,2.91,-0.71,-0.1,-0.22,-1.82,0
202109,0.022030846,-4.37,1.09,5.1,-1.95,2.09,0
202110,-0.020226092,6.65,-2.72,-0.45,1.72,-1.44,0
202111,0.007992024,-1.55,-1.77,-0.41,7.27,1.74,0
202112,0.030202619,3.1,-0.79,3.22,4.83,4.32,0.01
202201,0.072154571,-6.25,-4.09,12.8,0.84,7.74,0
202202,0.013199101,-2.29,2.92,3.1,-2.1,3.16,0
202203,0.009994729,3.06,-2.2,-1.76,-1.5,3.18,0.01
202204,0.041917934,-9.46,-0.4,6.17,3.47,5.87,0.01
202205,0.021901667,-0.34,-0.16,8.59,1.7,3.99,0.03
202206,0.009455152,-8.44,1.36,-6.1,1.74,-4.72,0.06
202207,-0.03998072,9.57,1.83,-4.03,0.85,-6.82,0.08
202208,0.002719115,-3.77,1.52,0.29,-4.79,1.33,0.19
202209,0.007245625,-9.35,-1.04,0.02,-1.46,-0.79,0.19
202210,0.026584054,7.83,1.88,8.06,3.31,6.62,0.23
202211,0.014417393,4.61,-2.75,1.41,6.32,3.2,0.29
202212,0.024028026,-6.41,-0.14,1.34,0.27,4.21,0.33
202301,-0.029921761,6.64,4.42,-4,-2.42,-4.44,0.35
202302,-0.009773002,-2.59,0.66,-0.83,1.03,-1.32,0.34
202303,-0.014811616,2.51,-6.93,-8.87,2.33,-2.39,0.36
202304,0.014638693,0.61,-2.57,-0.05,2.42,2.85,0.35
202305,-0.029667191,0.35,-0.38,-7.74,-1.82,-7.2,0.36
202306,-0.009884545,6.47,1.36,-0.2,2.27,-1.62,0.4
202307,-0.003661715,3.21,2.84,4.11,-0.57,0.62,0.45
202308,0.009426131,-2.39,-3.68,-1.08,3.42,-2.37,0.45
202309,0.007971592,-5.24,-1.79,1.45,1.85,-0.84,0.43
202310,0.007593109,-3.18,-4.05,0.19,2.47,-0.67,0.47
202311,-0.004110987,8.83,-0.11,1.66,-3.81,-0.99,0.44
202312,-0.002213571,4.87,7.33,4.92,-3.04,1.3,0.43
202401,0.003900779,0.7,-5.68,-2.47,0.66,-1.02,0.47
202402,-0.017017285,5.07,-0.76,-3.52,-1.98,-2.16,0.42
202403,0.007433747,2.83,-1.18,4.22,1.47,1.19,0.43
202404,-6.15E-05,-4.67,-2.55,-0.52,1.48,-0.3,0.47
202405,0.000275864,4.34,0.77,-1.67,2.97,-3.07,0.44
202406,-0.006531443,2.77,-4.37,-3.31,0.51,-1.78,0.41
202407,0.017233156,1.24,8.28,5.74,0.22,0.43,0.45
202408,0.001737731,1.61,-3.65,-1.13,0.85,0.86,0.48
202409,0.00430554,1.74,-1.02,-2.59,0.04,-0.26,0.4
202410,-0.01007324,-0.97,-0.88,0.89,-1.38,1.03,0.39
202411,-0.020344908,6.51,4.78,-0.05,-2.62,-2.17,0.4
202412,0.005745792,-3.17,-3.87,-2.95,1.82,-1.1,0.37
